0 0 0 0 0.220749830574112 0.0387477006486591 0.0303901636170007 0.0545914415722722 0.0263747700648659 0.0120655436150644 0.276665214444767 0.0293736082873463 0 0 0.344479136412044 0 0 0 0 0.344479136412044 0.214401200503437 0.0234073966502082 0.0646843837738406 0.041986155484558 0.158091296350082 0.0699002807629006 0.0297173008035628 0.0867702584954981 0.0545309323264595 0.0386847710330138 0.187150256559202 0.0641131764933682 0.0659792816342337 0.0824377964953045 0.0484606447865234 0.147601413495982
0 0 0 0 0.230373221028173 0.0364628715267693 0.0199148029818956 0.0537902991577113 0.0298455804046858 0.0132854100106496 0.270154419595314 0.0272582050537322 0 0 0.340543615064382 0 0 0 0 0.340543615064382 0.202764062348727 0.0284224029431697 0.0649433633459193 0.044413786426566 0.157999322296447 0.0763457256268758 0.0288701713621841 0.077328395778875 0.0534006196146771 0.0401732984800077 0.186595991867557 0.0603737051021396 0.0581881111433827 0.0837326943556976 0.0484412818278633 0.150179107367606
0 0 0 0 0.136528221512247 0.0247603833865815 0.0135443895827282 0.0206167102333237 0.0152071836576629 0.00819779262271275 0.152393745764353 0.019650982670152 0 0 0.19544970471488 0 0 0 0 0.19544970471488 0.12451834640333 0.0124140768709459 0.038837254332462 0.0196800271081421 0.0941717494433149 0.0381474489301965 0.0170878110175235 0.0460426953238455 0.0276551457062639 0.0211080453093233 0.113016748959241 0.0336697647400523 0.0341272146383967 0.0449317455707232 0.027209797657082 0.089178526478846
0 0 0 0 0.0372494917223352 0.0307653209410398 0.0212653693484364 0.030240100687385 0.0113370122954787 0.00804530932326459 0.0824668409332946 0.0176711201471585 0 0 0.119520282699196 0 0 0 0 0.119520282699196 0.0830477296930971 0.00561283764159164 0.0213742859908994 0.00948542937360829 0.0643431116274567 0.0213113563752541 0.00835269629199342 0.0255131184044922 0.012798915674315 0.00945154419595314 0.0809686320069707 0.0163011908219576 0.0187554458321231 0.0261061090134573 0.0140962339045406 0.0605624939490754
0.220749830574112 0.230373221028173 0.136528221512247 0.0372494917223352 0 0 0 0 0.0422935424532869 0.0143527931067867 0.528248136315229 0.0400111337012296 0 0 0.624905605576532 0 0 0 0 0.624905605576532 0.364076870945881 0.0517281440604124 0.118297995933779 0.0908025946364605 0.261971149191596 0.140354826217446 0.0603664439926421 0.162213186174848 0.112208345435183 0.0834059444283086 0.299399748281537 0.129891567431504 0.120957982379708 0.150094394423468 0.0938207958176009 0.260027592216091
0.0387477006486591 0.0364628715267693 0.0247603833865815 0.0307653209410398 0 0 0 0 0.019532384548359 0.0117194307290154 0.0737462484267596 0.0257382127989157 0 0 0.13073627650305 0 0 0 0 0.13073627650305 0.0873463065156356 0.00680850033885178 0.0291025268661051 0.00747894278245716 0.0774010068738503 0.0253315906670539 0.00715703359473327 0.0208466453674121 0.0106689902217059 0.00964517378255397 0.0981919837351147 0.0122301287636751 0.0184916255203795 0.0325249298092749 0.0149336818665892 0.0647860393068061
0.0303901636170007 0.0199148029818956 0.0135443895827282 0.0212653693484364 0 0 0 0 0.0145319004743925 0.00650595410978798 0.0532965437118792 0.0107803272340014 0 0 0.085114725530061 0 0 0 0 0.085114725530061 0.0614773937457644 0.00367654177558331 0.0146141930486978 0.00534659696001549 0.0468728821763966 0.0142487172039888 0.00592748571981799 0.0180656404298577 0.00801868525510698 0.00576290057120728 0.0614604511569368 0.00987268854680995 0.0127069416206796 0.0196776067383096 0.00960886823506632 0.0431213089360054
0.0545914415722722 0.0537902991577113 0.0206167102333237 0.030240100687385 0 0 0 0 0.00640671894665505 0.00901587762610127 0.126391712653693 0.0174242424242424 0 0 0.159238551650692 0 0 0 0 0.159238551650692 0.111835608480976 0.00764110756123536 0.0278245715945396 0.0119372640139413 0.08836286184529 0.0257672572369058 0.010579436537903 0.0345289960305935 0.0174895924097202 0.0106060606060606 0.108679446219382 0.0224634524155291 0.0248959240972021 0.0349138348339626 0.0198446122567528 0.0795841804627747
0.0263747700648659 0.0298455804046858 0.0152071836576629 0.0113370122954787 0.0422935424532869 0.019532384548359 0.0145319004743925 0.00640671894665505 0 0 0 0 0 0 0.0827645464226934 0 0 0 0 0.0827645464226934 0.0615161196630845 0.00253170684480589 0.0135371284732307 0.00517959144157227 0.0518370607028754 0.0101849162552038 0.00455997676444961 0.0161825927001646 0.00665601703940362 0.00449220640913932 0.064188207958176 0.00742811501597444 0.0127916545648175 0.0175307386968729 0.008255881498693 0.04418627166231
0.0120655436150644 0.0132854100106496 0.00819779262271275 0.00804530932326459 0.0143527931067867 0.0117194307290154 0.00650595410978798 0.00901587762610127 0 0 0 0 0 0 0.0415940555716914 0 0 0 0 0.0415940555716914 0.0277398586504018 0.00285845677219479 0.00956288120824862 0.00143285894084616 0.0249515926033498 0.00928453867750992 0.002209797657082 0.00514812663374964 0.00209119953528899 0.00294801045599768 0.0333236518540033 0.00323119372640139 0.00479717300803563 0.0112474586116759 0.00391131764933682 0.0216356859328105
0.276665214444767 0.270154419595314 0.152393745764353 0.0824668409332946 0.528248136315229 0.0737462484267596 0.0532965437118792 0.126391712653693 0 0 0 0 0 0 0.781685061477394 0 0 0 0 0.781685061477394 0.467511375738213 0.0611700067770355 0.148654274373124 0.104349404589021 0.335165553296544 0.176565979281634 0.0730612837641592 0.196892245135057 0.13432326459483 0.0977248523574402 0.39253799980637 0.157098944718753 0.146986639558525 0.189127698712363 0.117835705295769 0.327732597540904
0.0293736082873463 0.0272582050537322 0.019650982670152 0.0176711201471585 0.0400111337012296 0.0257382127989157 0.0107803272340014 0.0174242424242424 0 0 0 0 0 0 0.093953916158389 0 0 0 0 0.093953916158389 0.0679688256365573 0.00329654371187918 0.0180850033885178 0.00460354342143479 0.0626536934843644 0.00966937748087908 0.00419934165940556 0.01743150353374 0.00531755252202537 0.0042550101655533 0.0776817697744215 0.00669958369638881 0.0124770064865912 0.019304869784103 0.00820505373221028 0.0539669861554846
0 0 0 0 0 0 0 0 0 0 0 0 0 0 0 0 0 0 0 0 0 0 0 0 0 0 0 0 0 0 0 0 0 0 0 0
0 0 0 0 0 0 0 0 0 0 0 0 0 0 0 0 0 0 0 0 0 0 0 0 0 0 0 0 0 0 0 0 0 0 0 0
0.344479136412044 0.340543615064382 0.19544970471488 0.119520282699196 0.624905605576532 0.13073627650305 0.085114725530061 0.159238551650692 0.0827645464226934 0.0415940555716914 0.781685061477394 0.093953916158389 0 0 0 0 0 0 0 1 0.624736179688256 0.0698567141059154 0.189839287443121 0.115567818762707 0.474607900087133 0.20570723206506 0.0840303998450963 0.235654468002711 0.148390454061381 0.109420079388131 0.567731629392971 0.174457837157518 0.177052473617969 0.237210765805015 0.138207958176009 0.447523961661342
0 0 0 0 0 0 0 0 0 0 0 0 0 0 0 0 0 0 0 0 0 0 0 0 0 0 0 0 0 0 0 0 0 0 0 0
0 0 0 0 0 0 0 0 0 0 0 0 0 0 0 0 0 0 0 0 0 0 0 0 0 0 0 0 0 0 0 0 0 0 0 0
0 0 0 0 0 0 0 0 0 0 0 0 0 0 0 0 0 0 0 0 0 0 0 0 0 0 0 0 0 0 0 0 0 0 0 0
0 0 0 0 0 0 0 0 0 0 0 0 0 0 0 0 0 0 0 0 0 0 0 0 0 0 0 0 0 0 0 0 0 0 0 0
0.344479136412044 0.340543615064382 0.19544970471488 0.119520282699196 0.624905605576532 0.13073627650305 0.085114725530061 0.159238551650692 0.0827645464226934 0.0415940555716914 0.781685061477394 0.093953916158389 0 0 1 0 0 0 0 0 0.624736179688256 0.0698567141059154 0.189839287443121 0.115567818762707 0.474607900087133 0.20570723206506 0.0840303998450963 0.235654468002711 0.148390454061381 0.109420079388131 0.567731629392971 0.174457837157518 0.177052473617969 0.237210765805015 0.138207958176009 0.447523961661342
0.214401200503437 0.202764062348727 0.12451834640333 0.0830477296930971 0.364076870945881 0.0873463065156356 0.0614773937457644 0.111835608480976 0.0615161196630845 0.0277398586504018 0.467511375738213 0.0679688256365573 0 0 0.624736179688256 0 0 0 0 0.624736179688256 0 0 0 0 0.279448639752154 0.136044147545745 0.043266531125956 0.165976861264401 0.106953722528802 0.0741286668602962 0.318515829218705 0.125137961080453 0.122942685642366 0.149486881595508 0.0897327911704908 0.262573821279892
0.0234073966502082 0.0284224029431697 0.0124140768709459 0.00561283764159164 0.0517281440604124 0.00680850033885178 0.00367654177558331 0.00764110756123536 0.00253170684480589 0.00285845677219479 0.0611700067770355 0.00329654371187918 0 0 0.0698567141059154 0 0 0 0 0.0698567141059154 0 0 0 0 0.0320529576919353 0.0142366153548262 0.00673104850421144 0.0168360925549424 0.00741359279697938 0.0090473424339239 0.0454545454545455 0.00794123342046665 0.00908122761157905 0.0182955755639462 0.00856326846742182 0.0339142220931358
0.0646843837738406 0.0649433633459193 0.038837254332462 0.0213742859908994 0.118297995933779 0.0291025268661051 0.0146141930486978 0.0278245715945396 0.0135371284732307 0.00956288120824862 0.148654274373124 0.0180850033885178 0 0 0.189839287443121 0 0 0 0 0.189839287443121 0 0 0 0 0.125065349985478 0.0347419885758544 0.0139389098654274 0.0160930390163617 0.0200842288701714 0.0143939393939394 0.131317165262852 0.0240439539161584 0.0279601123051602 0.0466090618646529 0.0259487849743441 0.0893189079291316
0.041986155484558 0.044413786426566 0.0196800271081421 0.00948542937360829 0.0908025946364605 0.00747894278245716 0.00534659696001549 0.0119372640139413 0.00517959144157227 0.00143285894084616 0.104349404589021 0.00460354342143479 0 0 0.115567818762707 0 0 0 0 0.115567818762707 0 0 0 0 0.0380409526575661 0.0206844805886339 0.0200939103495014 0.0367484751670055 0.0139389098654274 0.011850130699971 0.072444089456869 0.0173346887404395 0.0170684480588634 0.0228192467809081 0.0139631135637525 0.0617170103591829
0.158091296350082 0.157999322296447 0.0941717494433149 0.0643431116274567 0.261971149191596 0.0774010068738503 0.0468728821763966 0.08836286184529 0.0518370607028754 0.0249515926033498 0.335165553296544 0.0626536934843644 0 0 0.474607900087133 0 0 0 0 0.474607900087133 0.279448639752154 0.0320529576919353 0.125065349985478 0.0380409526575661 0 0 0 0 0.0624624842675961 0.0446727659986446 0.289764255978314 0.0777083938425791 0.0880869396843838 0.115170878110175 0.0612087326943557 0.210141349598219
0.0699002807629006 0.0763457256268758 0.0381474489301965 0.0213113563752541 0.140354826217446 0.0253315906670539 0.0142487172039888 0.0257672572369058 0.0101849162552038 0.00928453867750992 0.176565979281634 0.00966937748087908 0 0 0.20570723206506 0 0 0 0 0.20570723206506 0.136044147545745 0.0142366153548262 0.0347419885758544 0.0206844805886339 0 0 0 0 0.039989350372737 0.028722528802401 0.0940095846645367 0.0429857682253848 0.0333768999903185 0.0487849743440798 0.0330695130215897 0.0904710039694065
0.0297173008035628 0.0288701713621841 0.0170878110175235 0.00835269629199342 0.0603664439926421 0.00715703359473327 0.00592748571981799 0.010579436537903 0.00455997676444961 0.002209797657082 0.0730612837641592 0.00419934165940556 0 0 0.0840303998450963 0 0 0 0 0.0840303998450963 0.043266531125956 0.00673104850421144 0.0139389098654274 0.0200939103495014 0 0 0 0 0.0124455416787685 0.0127117823603447 0.042104753606351 0.0167683221996321 0.0160760964275341 0.0159792816342337 0.0120994287927195 0.039875592990609
0.0867702584954981 0.077328395778875 0.0460426953238455 0.0255131184044922 0.162213186174848 0.0208466453674121 0.0180656404298577 0.0345289960305935 0.0161825927001646 0.00514812663374964 0.196892245135057 0.01743150353374 0 0 0.235654468002711 0 0 0 0 0.235654468002711 0.165976861264401 0.0168360925549424 0.0160930390163617 0.0367484751670055 0 0 0 0 0.033493077742279 0.0233130022267402 0.14185303514377 0.0369953528899216 0.0395125375157324 0.0572756317165263 0.0318302836673444 0.107036015103108
0.0545309323264595 0.0534006196146771 0.0276551457062639 0.012798915674315 0.112208345435183 0.0106689902217059 0.00801868525510698 0.0174895924097202 0.00665601703940362 0.00209119953528899 0.13432326459483 0.00531755252202537 0 0 0.148390454061381 0 0 0 0 0.148390454061381 0.106953722528802 0.00741359279697938 0.0200842288701714 0.0139389098654274 0.0624624842675961 0.039989350372737 0.0124455416787685 0.033493077742279 0 0 0 0 0.0333381740729984 0.031738309613709 0.0255300609933198 0.0577839093813535
0.0386847710330138 0.0401732984800077 0.0211080453093233 0.00945154419595314 0.0834059444283086 0.00964517378255397 0.00576290057120728 0.0106060606060606 0.00449220640913932 0.00294801045599768 0.0977248523574402 0.0042550101655533 0 0 0.109420079388131 0 0 0 0 0.109420079388131 0.0741286668602962 0.0090473424339239 0.0143939393939394 0.011850130699971 0.0446727659986446 0.028722528802401 0.0127117823603447 0.0233130022267402 0 0 0 0 0.026858844031368 0.030007745183464 0.0147690967179785 0.0377819730854875
0.187150256559202 0.186595991867557 0.113016748959241 0.0809686320069707 0.299399748281537 0.0981919837351147 0.0614604511569368 0.108679446219382 0.064188207958176 0.0333236518540033 0.39253799980637 0.0776817697744215 0 0 0.567731629392971 0 0 0 0 0.567731629392971 0.318515829218705 0.0454545454545455 0.131317165262852 0.072444089456869 0.289764255978314 0.0940095846645367 0.042104753606351 0.14185303514377 0 0 0 0 0.0805934746829316 0.142436344273405 0.0576507890405654 0.287051021396069
0.0641131764933682 0.0603737051021396 0.0336697647400523 0.0163011908219576 0.129891567431504 0.0122301287636751 0.00987268854680995 0.0224634524155291 0.00742811501597444 0.00323119372640139 0.157098944718753 0.00669958369638881 0 0 0.174457837157518 0 0 0 0 0.174457837157518 0.125137961080453 0.00794123342046665 0.0240439539161584 0.0173346887404395 0.0777083938425791 0.0429857682253848 0.0167683221996321 0.0369953528899216 0 0 0 0 0.0362619808306709 0.033028366734437 0.0402580114241456 0.0649070577984316
0.0659792816342337 0.0581881111433827 0.0341272146383967 0.0187554458321231 0.120957982379708 0.0184916255203795 0.0127069416206796 0.0248959240972021 0.0127916545648175 0.00479717300803563 0.146986639558525 0.0124770064865912 0 0 0.177052473617969 0 0 0 0 0.177052473617969 0.122942685642366 0.00908122761157905 0.0279601123051602 0.0170684480588634 0.0880869396843838 0.0333768999903185 0.0160760964275341 0.0395125375157324 0.0333381740729984 0.026858844031368 0.0805934746829316 0.0362619808306709 0 0 0 0
0.0824377964953045 0.0837326943556976 0.0449317455707232 0.0261061090134573 0.150094394423468 0.0325249298092749 0.0196776067383096 0.0349138348339626 0.0175307386968729 0.0112474586116759 0.189127698712363 0.019304869784103 0 0 0.237210765805015 0 0 0 0 0.237210765805015 0.149486881595508 0.0182955755639462 0.0466090618646529 0.0228192467809081 0.115170878110175 0.0487849743440798 0.0159792816342337 0.0572756317165263 0.031738309613709 0.030007745183464 0.142436344273405 0.033028366734437 0 0 0 0
0.0484606447865234 0.0484412818278633 0.027209797657082 0.0140962339045406 0.0938207958176009 0.0149336818665892 0.00960886823506632 0.0198446122567528 0.008255881498693 0.00391131764933682 0.117835705295769 0.00820505373221028 0 0 0.138207958176009 0 0 0 0 0.138207958176009 0.0897327911704908 0.00856326846742182 0.0259487849743441 0.0139631135637525 0.0612087326943557 0.0330695130215897 0.0120994287927195 0.0318302836673444 0.0255300609933198 0.0147690967179785 0.0576507890405654 0.0402580114241456 0 0 0 0
0.147601413495982 0.150179107367606 0.089178526478846 0.0605624939490754 0.260027592216091 0.0647860393068061 0.0431213089360054 0.0795841804627747 0.04418627166231 0.0216356859328105 0.327732597540904 0.0539669861554846 0 0 0.447523961661342 0 0 0 0 0.447523961661342 0.262573821279892 0.0339142220931358 0.0893189079291316 0.0617170103591829 0.210141349598219 0.0904710039694065 0.039875592990609 0.107036015103108 0.0577839093813535 0.0377819730854875 0.287051021396069 0.0649070577984316 0 0 0 0
