0 0 0 0 0.192485364666984 0.0315725593391474 0.0286219506453149 0.050667810637886 0.0263200573380697 0.0105677829105348 0.237147326403239 0.0293125186374884 0 0 0.303347685289332 0 0 0 0 0.303347685289332 0.174316102266842 0.0155011587940172 0.078996793044097 0.0345336311843764 0.140933417736088 0.0578873851015187 0.0318393696997599 0.0726875127519658 0.0438301412002281 0.024598868933334 0.179955740869593 0.0549629342861777 0.0564068491789042 0.0607176675542907 0.0448450668856953 0.141378101670442
0 0 0 0 0.259454765180725 0.0255091631048355 0.0220353968411746 0.0568044489319738 0.0344028417919193 0.0104369935180777 0.290655882645294 0.0283080561034178 0 0 0.363803774058709 0 0 0 0 0.363803774058709 0.203100231758803 0.0209890817015177 0.0881101979105087 0.051604262687879 0.152395800091029 0.0776051939083533 0.037227892668993 0.0965748873903331 0.0554023866448336 0.0295113185140232 0.207212250257655 0.0716778186421968 0.0684656311634501 0.0696741251497539 0.0559412389417569 0.169722778803748
0 0 0 0 0.136439494211262 0.0237461220945136 0.0152762010389909 0.0247924372341706 0.0172485050772442 0.00556639654297478 0.159934500672257 0.0175048522864602 0 0 0.200254254578937 0 0 0 0 0.200254254578937 0.119546736281501 0.00947438358959335 0.0508718420901191 0.0203612926177235 0.0962400665456429 0.0358415251089476 0.0220877125981574 0.0460849503261887 0.0267595096967256 0.0131155602755994 0.126551816141504 0.033827368465108 0.0347638205151009 0.0370029349139667 0.0292549713048073 0.0992325278450617
0 0 0 0 0.0364588510413451 0.0280621720455984 0.0276436459897356 0.0404296169963431 0.0120954030144339 0.0074916163999435 0.0931325105808618 0.0198747560777831 0 0 0.132594286073022 0 0 0 0 0.132594286073022 0.084714905282322 0.0046090181901887 0.034470852275997 0.00879951032451464 0.0739064698896661 0.0224434597456408 0.0102277304901463 0.0260166259475691 0.0120378556817528 0.00604770150721696 0.0997138328093038 0.0147948960747488 0.0209524606716297 0.0238245957299879 0.0161080215750182 0.0717092080963865
0.192485364666984 0.259454765180725 0.136439494211262 0.0364588510413451 0 0 0 0 0.0506730422135843 0.0135445494828587 0.523790590487949 0.0368302929159233 0 0 0.624838475100315 0 0 0 0 0.624838475100315 0.330237984378515 0.0402674381496963 0.160133300548792 0.0941997520233119 0.249451992445605 0.131150371180296 0.0746702799416156 0.169565831532799 0.104479798270441 0.0562446703322574 0.33022228965142 0.133891716846197 0.121880019042936 0.122131134676453 0.102130820781911 0.278696500599015
0.0315725593391474 0.0255091631048355 0.0237461220945136 0.0280621720455984 0 0 0 0 0.0171543367146751 0.00634590132201918 0.0621668140227155 0.0232229645246852 0 0 0.108890016584095 0 0 0 0 0.108890016584095 0.0743511538240203 0.00277273512009082 0.0259119944336035 0.00585413320638043 0.0655516434995056 0.0174996207107619 0.00707832191977902 0.0187604304540485 0.00902969965523916 0.00480258649102523 0.0841865161367952 0.0108712143010353 0.0155587061266983 0.0194248405677306 0.0121581819228133 0.0617482879668527
0.0286219506453149 0.0220353968411746 0.0152762010389909 0.0276436459897356 0 0 0 0 0.016087095272225 0.00469795497705954 0.0621354245685258 0.0106567196974057 0 0 0.093577194515216 0 0 0 0 0.093577194515216 0.0634642447958901 0.0020350829466327 0.0226108701679859 0.00546699660470737 0.0516618100205601 0.0155430113996034 0.0069161430731322 0.0194562300219203 0.00753346900552978 0.00385567128963573 0.073058954626544 0.00912909959350657 0.0150826327381544 0.0158621375171988 0.0113996034465621 0.0512328208133008
0.050667810637886 0.0568044489319738 0.0247924372341706 0.0404296169963431 0 0 0 0 0.00615233302118265 0.00947438358959335 0.132777391222462 0.0242902059671352 0 0 0.172694313800374 0 0 0 0 0.172694313800374 0.113624592591042 0.00549838605889708 0.0437935201703401 0.00977781498009385 0.0968103082967559 0.0295845605737992 0.0127179605225298 0.0335814844072886 0.01698692629233 0.00837052111725531 0.125965879663296 0.0213709867274925 0.0280674036212967 0.0338012105866166 0.0204606925559909 0.0903650070364693
0.0263200573380697 0.0344028417919193 0.0172485050772442 0.0120954030144339 0.0506730422135843 0.0171543367146751 0.016087095272225 0.00615233302118265 0 0 0 0 0 0 0.0900668072216671 0 0 0 0 0.0900668072216671 0.0637153604294077 0.00172641998043391 0.0198747560777831 0.00475027073404239 0.0588395318786065 0.0127074973711332 0.00525773357677599 0.0132620443951514 0.00672780634799395 0.00322265063014329 0.0731478914134148 0.00696845883011504 0.013016160337332 0.0153023589174824 0.00837052111725531 0.0533777668495974
0.0105677829105348 0.0104369935180777 0.00556639654297478 0.0074916163999435 0.0135445494828587 0.00634590132201918 0.00469795497705954 0.00947438358959335 0 0 0 0 0 0 0.0340627893715308 0 0 0 0 0.0340627893715308 0.0243163638456267 0.000800431081837539 0.00794153190999597 0.00100446253407064 0.0237932062757982 0.00400738698488598 0.00148053592261453 0.00478166018823209 0.00181535676730474 0.00150146222540767 0.0286742664022977 0.00207170397652069 0.00434743940527447 0.006508080168666 0.00276227196869425 0.0204449978288961
0.237147326403239 0.290655882645294 0.159934500672257 0.0931325105808618 0.523790590487949 0.0621668140227155 0.0621354245685258 0.132777391222462 0 0 0 0 0 0 0.780870220301653 0 0 0 0 0.780870220301653 0.425808409234777 0.0463517606868013 0.201755716804344 0.10695433357573 0.31302086875546 0.165793865454336 0.0900615756459688 0.211993910445887 0.124166217623086 0.0657295170732473 0.43052729051463 0.160447195090689 0.150569980172328 0.151684305796063 0.127247615709376 0.351368318623886
0.0293125186374884 0.0283080561034178 0.0175048522864602 0.0198747560777831 0.0368302929159233 0.0232229645246852 0.0106567196974057 0.0242902059671352 0 0 0 0 0 0 0.0950001831051494 0 0 0 0 0.0950001831051494 0.067837842079656 0.0016950305262442 0.0228776805285984 0.00258962997065086 0.0678221473525611 0.011268814054105 0.00458286031169728 0.0113263613867861 0.0053205124851554 0.00281981930137538 0.0810841917477125 0.00577565957090616 0.0126551816141504 0.0177245784657881 0.00776888991195258 0.0568515331132584
0 0 0 0 0 0 0 0 0 0 0 0 0 0 0 0 0 0 0 0 0 0 0 0 0 0 0 0 0 0 0 0 0 0 0 0
0 0 0 0 0 0 0 0 0 0 0 0 0 0 0 0 0 0 0 0 0 0 0 0 0 0 0 0 0 0 0 0 0 0 0 0
0.303347685289332 0.363803774058709 0.200254254578937 0.132594286073022 0.624838475100315 0.108890016584095 0.093577194515216 0.172694313800374 0.0900668072216671 0.0340627893715308 0.780870220301653 0.0950001831051494 0 0 0 0 0 0 0 1 0.581677975589468 0.0505736422753169 0.252449685320722 0.115298696814494 0.463475754262426 0.19377756386446 0.101382705457057 0.241363976416057 0.13802989322354 0.0732734492301736 0.613433640078055 0.175263017468231 0.180588761529085 0.191219323347999 0.146149298707278 0.482042616415638
0 0 0 0 0 0 0 0 0 0 0 0 0 0 0 0 0 0 0 0 0 0 0 0 0 0 0 0 0 0 0 0 0 0 0 0
0 0 0 0 0 0 0 0 0 0 0 0 0 0 0 0 0 0 0 0 0 0 0 0 0 0 0 0 0 0 0 0 0 0 0 0
0 0 0 0 0 0 0 0 0 0 0 0 0 0 0 0 0 0 0 0 0 0 0 0 0 0 0 0 0 0 0 0 0 0 0 0
0 0 0 0 0 0 0 0 0 0 0 0 0 0 0 0 0 0 0 0 0 0 0 0 0 0 0 0 0 0 0 0 0 0 0 0
0.303347685289332 0.363803774058709 0.200254254578937 0.132594286073022 0.624838475100315 0.108890016584095 0.093577194515216 0.172694313800374 0.0900668072216671 0.0340627893715308 0.780870220301653 0.0950001831051494 0 0 1 0 0 0 0 0 0.581677975589468 0.0505736422753169 0.252449685320722 0.115298696814494 0.463475754262426 0.19377756386446 0.101382705457057 0.241363976416057 0.13802989322354 0.0732734492301736 0.613433640078055 0.175263017468231 0.180588761529085 0.191219323347999 0.146149298707278 0.482042616415638
0.174316102266842 0.203100231758803 0.119546736281501 0.084714905282322 0.330237984378515 0.0743511538240203 0.0634642447958901 0.113624592591042 0.0637153604294077 0.0243163638456267 0.425808409234777 0.067837842079656 0 0 0.581677975589468 0 0 0 0 0.581677975589468 0 0 0 0 0.256075167279633 0.120028041245743 0.0479997070317609 0.157575060032331 0.0903074597037882 0.0497156638607982 0.320564800912387 0.121090051112495 0.110951257409219 0.119787388763622 0.09243671101299 0.258502618403637
0.0155011587940172 0.0209890817015177 0.00947438358959335 0.0046090181901887 0.0402674381496963 0.00277273512009082 0.0020350829466327 0.00549838605889708 0.00172641998043391 0.000800431081837539 0.0463517606868013 0.0016950305262442 0 0 0.0505736422753169 0 0 0 0 0.0505736422753169 0 0 0 0 0.0247558162042826 0.0064400696845883 0.00456193400890414 0.0148158223775419 0.00574950169241474 0.00407539746896368 0.033183884654219 0.00756485845971948 0.0085745525694884 0.00895122601976489 0.0056605649055439 0.0273872987805197
0.078996793044097 0.0881101979105087 0.0508718420901191 0.034470852275997 0.160133300548792 0.0259119944336035 0.0226108701679859 0.0437935201703401 0.0198747560777831 0.00794153190999597 0.201755716804344 0.0228776805285984 0 0 0.252449685320722 0 0 0 0 0.252449685320722 0 0 0 0 0.148587212982678 0.046273287051327 0.027392530356218 0.0301966549304985 0.0277168880495116 0.0115931717473986 0.18508791662961 0.0280517088942018 0.0414183848033189 0.0434953203555379 0.0338587579192977 0.133677222242567
0.0345336311843764 0.051604262687879 0.0203612926177235 0.00879951032451464 0.0941997520233119 0.00585413320638043 0.00546699660470737 0.00977781498009385 0.00475027073404239 0.00100446253407064 0.10695433357573 0.00258962997065086 0 0 0.115298696814494 0 0 0 0 0.115298696814494 0 0 0 0 0.0340575577958325 0.0210361658828022 0.0214285340601736 0.0387764390756852 0.0142560437778254 0.00788921615301313 0.0745970378818396 0.0185563990018154 0.0196445667470585 0.0189853882090747 0.014193264869446 0.0624754769889143
0.140933417736088 0.152395800091029 0.0962400665456429 0.0739064698896661 0.249451992445605 0.0655516434995056 0.0516618100205601 0.0968103082967559 0.0588395318786065 0.0237932062757982 0.31302086875546 0.0678221473525611 0 0 0.463475754262426 0 0 0 0 0.463475754262426 0.256075167279633 0.0247558162042826 0.148587212982678 0.0340575577958325 0 0 0 0 0.0540997242959607 0.0271047936928123 0.316735287501243 0.0655359487724108 0.0834384008119406 0.0906684384269698 0.0608118359168598 0.228557079106656
0.0578873851015187 0.0776051939083533 0.0358415251089476 0.0224434597456408 0.131150371180296 0.0174996207107619 0.0155430113996034 0.0295845605737992 0.0127074973711332 0.00400738698488598 0.165793865454336 0.011268814054105 0 0 0.19377756386446 0 0 0 0 0.19377756386446 0.120028041245743 0.0064400696845883 0.046273287051327 0.0210361658828022 0 0 0 0 0.0407068905083522 0.0166678001747346 0.0905585753373058 0.0458442978440677 0.0365687141310091 0.0368512192187165 0.0302855917173694 0.0900720387973654
0.0318393696997599 0.037227892668993 0.0220877125981574 0.0102277304901463 0.0746702799416156 0.00707832191977902 0.0069161430731322 0.0127179605225298 0.00525773357677599 0.00148053592261453 0.0900615756459688 0.00458286031169728 0 0 0.101382705457057 0 0 0 0 0.101382705457057 0.0479997070317609 0.00456193400890414 0.027392530356218 0.0214285340601736 0 0 0 0 0.0159876953339576 0.0085745525694884 0.0596294998090475 0.0171909577445631 0.0179599993722109 0.0153912957043532 0.0173479050155116 0.0506835053649809
0.0726875127519658 0.0965748873903331 0.0460849503261887 0.0260166259475691 0.169565831532799 0.0187604304540485 0.0194562300219203 0.0335814844072886 0.0132620443951514 0.00478166018823209 0.211993910445887 0.0113263613867861 0 0 0.241363976416057 0 0 0 0 0.241363976416057 0.157575060032331 0.0148158223775419 0.0301966549304985 0.0387764390756852 0 0 0 0 0.0272355830852695 0.0209263027931383 0.146510277430459 0.0466918131071898 0.0426216472139244 0.0483083699979597 0.0377039660575369 0.112729993146636
0.0438301412002281 0.0554023866448336 0.0267595096967256 0.0120378556817528 0.104479798270441 0.00902969965523916 0.00753346900552978 0.01698692629233 0.00672780634799395 0.00181535676730474 0.124166217623086 0.0053205124851554 0 0 0.13802989322354 0 0 0 0 0.13802989322354 0.0903074597037882 0.00574950169241474 0.0277168880495116 0.0142560437778254 0.0540997242959607 0.0407068905083522 0.0159876953339576 0.0272355830852695 0 0 0 0 0.0299873919025671 0.0274343829618043 0.0294119185757558 0.0511961997834128
0.024598868933334 0.0295113185140232 0.0131155602755994 0.00604770150721696 0.0562446703322574 0.00480258649102523 0.00385567128963573 0.00837052111725531 0.00322265063014329 0.00150146222540767 0.0657295170732473 0.00281981930137538 0 0 0.0732734492301736 0 0 0 0 0.0732734492301736 0.0497156638607982 0.00407539746896368 0.0115931717473986 0.00788921615301313 0.0271047936928123 0.0166678001747346 0.0085745525694884 0.0209263027931383 0 0 0 0 0.0193725248107477 0.015516853521112 0.0117553505940454 0.0266287203042684
0.179955740869593 0.207212250257655 0.126551816141504 0.0997138328093038 0.33022228965142 0.0841865161367952 0.073058954626544 0.125965879663296 0.0731478914134148 0.0286742664022977 0.43052729051463 0.0810841917477125 0 0 0.613433640078055 0 0 0 0 0.613433640078055 0.320564800912387 0.033183884654219 0.18508791662961 0.0745970378818396 0.316735287501243 0.0905585753373058 0.0596294998090475 0.146510277430459 0 0 0 0 0.103407325252293 0.114053581798302 0.0631817397081827 0.332790993319278
0.0549629342861777 0.0716778186421968 0.033827368465108 0.0147948960747488 0.133891716846197 0.0108712143010353 0.00912909959350657 0.0213709867274925 0.00696845883011504 0.00207170397652069 0.160447195090689 0.00577565957090616 0 0 0.175263017468231 0 0 0 0 0.175263017468231 0.121090051112495 0.00756485845971948 0.0280517088942018 0.0185563990018154 0.0655359487724108 0.0458442978440677 0.0171909577445631 0.0466918131071898 0 0 0 0 0.0278215195634773 0.0342145050667811 0.0418002898292937 0.0714267030086792
0.0564068491789042 0.0684656311634501 0.0347638205151009 0.0209524606716297 0.121880019042936 0.0155587061266983 0.0150826327381544 0.0280674036212967 0.013016160337332 0.00434743940527447 0.150569980172328 0.0126551816141504 0 0 0.180588761529085 0 0 0 0 0.180588761529085 0.110951257409219 0.0085745525694884 0.0414183848033189 0.0196445667470585 0.0834384008119406 0.0365687141310091 0.0179599993722109 0.0426216472139244 0.0299873919025671 0.0193725248107477 0.103407325252293 0.0278215195634773 0 0 0 0
0.0607176675542907 0.0696741251497539 0.0370029349139667 0.0238245957299879 0.122131134676453 0.0194248405677306 0.0158621375171988 0.0338012105866166 0.0153023589174824 0.006508080168666 0.151684305796063 0.0177245784657881 0 0 0.191219323347999 0 0 0 0 0.191219323347999 0.119787388763622 0.00895122601976489 0.0434953203555379 0.0189853882090747 0.0906684384269698 0.0368512192187165 0.0153912957043532 0.0483083699979597 0.0274343829618043 0.015516853521112 0.114053581798302 0.0342145050667811 0 0 0 0
0.0448450668856953 0.0559412389417569 0.0292549713048073 0.0161080215750182 0.102130820781911 0.0121581819228133 0.0113996034465621 0.0204606925559909 0.00837052111725531 0.00276227196869425 0.127247615709376 0.00776888991195258 0 0 0.146149298707278 0 0 0 0 0.146149298707278 0.09243671101299 0.0056605649055439 0.0338587579192977 0.014193264869446 0.0608118359168598 0.0302855917173694 0.0173479050155116 0.0377039660575369 0.0294119185757558 0.0117553505940454 0.0631817397081827 0.0418002898292937 0 0 0 0
0.141378101670442 0.169722778803748 0.0992325278450617 0.0717092080963865 0.278696500599015 0.0617482879668527 0.0512328208133008 0.0903650070364693 0.0533777668495974 0.0204449978288961 0.351368318623886 0.0568515331132584 0 0 0.482042616415638 0 0 0 0 0.482042616415638 0.258502618403637 0.0273872987805197 0.133677222242567 0.0624754769889143 0.228557079106656 0.0900720387973654 0.0506835053649809 0.112729993146636 0.0511961997834128 0.0266287203042684 0.332790993319278 0.0714267030086792 0 0 0 0
